  2.40421350
  0.16884664
 -0.17649193
 -0.46814825
 -0.92525614
 -2.67033770
  0.10385103
  0.65111132
 -0.02604112
  0.35195492
 -1.83762460
 -1.56305760
  0.38631369
 -2.04503520
  1.16437320
  0.65234181
 -0.06033097
 -1.21017970
  0.21020774
 -0.08154188
 -0.14560246
 -0.28993252
 -0.38097188
  0.56588699
 -0.44826652
  0.65566516
  0.60151434
  1.10078180
  0.48783783
  1.76978220
 -0.02638049
  0.95622559
 -1.35978380
 -0.09690314
 -1.53697900
 -0.07565365
  0.19664687
  0.40968711
 -0.12423725
  2.19838090
  0.01126166
  0.57879684
  1.02615280
  1.47488900
 -1.14934320
 -0.62719240
 -1.26397420
 -1.48705650
  1.04370290
 -0.10475065
  0.22327208
  0.52948903
  3.06237540
  1.21200350
  0.76309237
 -0.00103515
  0.52806593
 -0.18635241
  1.37547930
  0.73502425
  0.34290523
  0.06608280
  0.51736597
  0.05889511
 -1.01597950
  0.04882471
 -2.47657490
 -0.29449498
 -0.49644447
  0.57628064
 -0.77170894
  0.20955022
 -0.67551194
  0.08465480
  0.36078942
 -0.47990955
 -1.52986830
  1.34840910
  0.27211327
 -0.87565492
 -0.12186523
  0.81540913
 -0.88926595
 -0.42909075
  0.28748055
 -0.66453608
  1.80671720
 -0.68600168
  0.17360636
 -0.18973406
 -1.91623060
  0.60557431
  0.40149484
  0.60884766
 -1.57167310
 -0.37735640
  1.40353920
  0.52553103
  0.16302453
 -2.18264940
  1.12806970
 -0.22999049
  0.50203799
  0.37391370
  0.40822323
 -0.52129274
 -0.45826064
  0.58611534
  0.91730495
 -0.04580499
 -0.30198276
  0.42401114
 -0.56068594
  0.63744000
  0.85623091
 -0.21674110
 -0.68631515
  0.26626953
 -0.12193936
 -0.56054572
 -0.99491988
  0.36111061
 -1.35522110
  2.44643510
 -1.23738420
 -0.02147803
 -1.35187440
 -0.90297976
 -2.08042010
  0.77021324
  1.57318110
 -0.17900113
  0.02118891
 -0.13820851
 -0.97582903
  0.22258883
 -0.24988463
  1.16689890
 -0.29789472
 -2.51461840
 -0.19064870
  0.06792936
  0.84729525
  0.45788274
 -2.05214860
  0.88224949
 -0.80971626
 -0.97646273
 -1.03706570
  1.23283570
 -0.94582404
  0.76662287
 -2.52664200
 -1.52421020
 -1.30451790
 -0.11646446
 -1.17551250
  1.59407940
  0.37948113
  0.38888296
 -0.05295156
  0.23999012
 -1.18101270
  1.41915930
 -1.32425940
 -0.15807912
  0.10965346
 -1.12563590
 -1.72426490
  0.22231195
 -0.22653715
  0.76670112
  1.11242120
 -0.83493770
  2.09661140
 -0.24159332
  0.24746578
  1.07761180
  1.42186500
 -1.20839370
  0.04418854
 -1.51367610
  1.59543890
 -0.35512153
  1.64540750
 -0.01322256
 -1.50795180
  0.18665022
 -2.85693910
  0.27937266
 -0.28491124
  1.03929080
 -1.77248500
  0.05875813
  0.67341516
 -0.92173080
 -0.66485193
 -0.25164011
  0.55650349
 -0.39294525
 -1.03949350
  0.08489528
 -0.32533521
 -1.11758760
 -0.10214514
 -0.08114463
  0.36150304
 -0.02284293
 -0.11697924
  3.74761250
  1.05321620
 -0.85202119
  0.97773292
  0.13311769
 -1.33037470
 -0.49148840
 -0.22778671
  0.88258346
 -0.62734635
  1.03148180
 -0.54229477
  0.00141143
 -0.51932134
 -0.00678830
  0.37395017
 -0.14021197
 -0.25194748
  0.87941151
 -0.74864923
 -0.24434840
 -0.63200887
 -0.70043356
 -0.39158053
 -0.44601977
  0.95073501
  0.72449390
  0.22876885
  0.71179498
  0.72166130
 -0.35882816
  1.23576790
 -0.36699144
 -0.06926141
  1.10962270
 -1.14579940
  0.59723611
 -0.35352478
 -1.48487020
  2.29074670
  0.14890608
 -0.75851890
 -1.54243650
  0.10444710
  1.51543520
  0.73898120
 -1.17857600
  0.31825228
 -0.81040946
  0.45958405
 -0.26353639
  1.02926810
 -0.03508382
  0.52443744
 -1.42653390
  1.15843680
  0.47173111
 -0.68651563
  0.76435992
 -0.96047616
  0.52291762
 -0.56079507
 -0.29391293
 -1.30327490
  0.67092764
  0.73814716
  0.07093565
  0.18917173
 -0.29961987
  0.27935002
 -0.88708476
 -1.24907610
  1.13401250
 -0.48029468
  0.94575086
  0.76856868
 -0.07385343
  1.46296130
  0.14075848
 -0.36989704
  0.52977904
  1.13340300
 -0.81527829
  0.23935034
 -1.38427740
 -0.78624208
 -0.43406963
 -1.47825280
  0.91743530
 -1.89748290
  0.27830621
 -1.55411040
  0.88693589
 -0.11646087
  1.13115780
 -0.92427993
  1.41751520
 -0.42555602
  0.89830520
  1.00868120
  0.42337033
  0.73033112
 -0.09133037
  0.76677260
 -1.46957480
 -0.53596286
  0.23095546
  2.48588170
 -1.55954630
  2.07517500
 -0.02122991
  0.89255107
  0.13514454
  1.68655910
 -0.27641541
 -0.04032654
 -0.16132128
  0.57824962
 -0.88702636
  0.26081174
 -0.88169722
 -0.40272539
 -0.14618687
  0.40509172
  0.27848052
  1.44739630
 -0.58397357
 -0.80919838
 -0.15884066
 -0.70250961
  0.10274406
 -0.88913057
 -2.31037550
 -0.97219786
 -0.01903012
  1.33890620
  0.01768978
 -0.71270966
  1.92453850
  1.30273430
  4.00377810
  0.46033656
  0.01870038
 -0.96997749
  0.20341535
  1.75535250
  0.65412457
 -0.91279706
  0.40559572
  2.39169710
  1.61267360
  1.51816140
  2.43052410
  2.10589560
  2.85653140
  1.10071450
  0.59326475
  1.59885260
  0.84807403
  0.55317287
  2.43841120
 -0.03569572
  2.25684910
  0.83342387
  1.08192170
  1.98556480
 -0.94738461
 -0.14286357
  1.26792170
  0.46196241
  1.92558800
  0.65061349
 -0.00973827
  0.58085912
  0.85790486
  2.18048770
  1.39281920
  1.85165080
 -1.00343330
 -0.18413376
 -1.74111770
  0.50441529
  2.45267130
  1.30007800
  0.57074790
 -2.58506370
  1.60484840
  1.90799790
  3.81108700
  2.23984280
  0.86358581
  2.75576630
 -0.37922390
 -0.45018712
  1.02847460
  1.38024850
  1.01539420
  0.05345430
  0.06063916
  1.56242560
 -0.26321885
  0.75685920
 -0.60006668
  1.42582160
 -0.23183706
  2.15678300
  0.32968999
  1.33631970
 -0.24977689
  0.59289186
  0.32686168
  2.54673840
  1.19788400
 -0.18547788
  1.22417720
  0.67760132
 -0.15257780
  2.04106120
  0.77198349
  2.44817480
  0.74475699
  1.70823450
  0.01012544
  1.43459520
  1.21766100
  3.33781890
 -0.79365269
  0.73338677
 -0.31949779
  3.05834950
  1.50254630
 -0.75407056
  0.83197192
  1.78985610
 -0.30586517
  0.19145752
  2.11574760
 -0.71287047
  0.43166269
  2.91271580
  2.44716050
  0.14548454
  2.25282450
  0.79365091
  0.37013466
 -0.39763350
  1.56497320
  1.87039760
  0.46916646
  1.01723180
  0.86137392
  1.32154690
  2.37692120
  1.91687510
  3.61887070
  2.44061400
  0.66320112
  1.20757530
  0.74960129
  2.19234310
  1.20930590
  1.62614820
  2.40659970
  1.12162150
  0.41635467
  0.82785502
 -0.72111841
  0.42654988
 -0.04294637
 -0.87870819
 -1.31551820
 -0.22835000
  1.42872730
 -0.81208796
 -1.01184750
 -1.08151030
 -0.58280868
  1.38596140
  0.51211857
  0.76281424
 -1.06715580
 -0.36721642
  0.25474507
 -0.09697923
  0.43313474
  1.19715290
  1.15657070
  2.09998590
 -0.12080439
  0.67428222
  1.17064260
  0.28079131
  0.19419130
  0.81327405
 -0.99433135
 -0.95653493
 -0.79933708
 -1.49076530
  0.34877423
  0.19591858
  0.42134924
  1.37104640
  0.26331182
 -0.08340285
  0.17966405
  0.99872559
  1.10611120
  1.67808270
  0.97039668
  1.50570470
 -0.47153361
  1.40951280
 -0.62261096
  1.44009830
  1.26260290
 -0.35601678
 -1.04421920
 -0.65779282
 -0.26029330
  0.44696854
 -0.73189578
  1.49840400
 -0.73834187
 -0.14844882
  1.17526170
  0.61133793
  1.58902310
 -1.75339720
  0.25692298
  0.30455047
  2.20179700
  1.75657090
  0.60720697
  1.62166080
  2.65865600
  2.97821460
  0.96266376
  1.32678940
  2.83250450
 -0.36056961
  1.14798350
  1.25232270
  2.53628230
  0.67574350
  0.56607957
  0.89218773
  0.58252853
  2.03743780
  1.04760870
 -1.22393040
 -0.53008499
 -0.36626902
  0.41620778
 -0.03584573
 -0.26660850
 -0.05900671
 -1.85958010
  0.68592528
  0.22711695
 -1.05502510
  0.24069691
  0.65746089
 -1.11962990
 -0.50558672
 -0.23664351
 -0.09063668
 -0.61335013
 -0.73534866
 -2.04509580
  0.11203908
 -0.42812670
 -0.29303469
 -1.96786660
 -0.38002133
  1.67085630
 -1.16552440
  1.01421340
 -2.22060230
  0.71159778
  1.41329530
 -0.70094099
  0.50515239
  0.24662754
  2.50636590
  1.48907380
 -1.08313450
 -0.38880202
  0.29136025
  0.06439032
 -1.87646500
  0.70754869
  1.16575850
  1.47272120
  0.53408069
 -0.59517438
  0.89533623
 -0.05302404
 -0.27592929
 -1.41927460
 -0.16016296
  0.62731489
 -0.31100397
 -0.01965784
 -1.31609730
 -1.02941560
  0.75069494
  0.22958866
  0.63632507
  0.43524754
  0.04602014
 -0.62360433
 -0.28953855
  1.22740130
 -2.62733480
  0.39561875
 -1.27821830
  0.25557925
  0.54746791
 -0.17291381
 -1.27122880
  1.04050540
  1.29172650
  0.65312720
 -0.34971804
  0.06880255
 -0.02708523
  0.24604825
 -0.32526621
 -1.13222420
 -2.65116720
 -1.42722160
  0.81374757
  1.87630560
  0.85286032
  0.39196626
  0.26026869
 -0.24314525
 -1.70144350
 -1.12654830
  0.90564807
 -0.32342846
  0.83113956
 -1.01160020
 -0.71975271
 -0.74514151
  1.37837870
 -1.35488490
 -0.04746629
 -1.33949290
  0.04264631
  0.00211429
  0.12513407
 -1.20172480
 -0.44294431
  0.17656567
  0.56614632
  1.63604790
  0.60049375
 -1.33431210
 -1.11111540
  1.45946170
 -1.70139050
 -1.69385310
 -0.59260701
  0.81541781
 -0.88627049
 -1.43240180
 -0.37881062
  0.86059565
 -1.83075680
  0.50199268
 -1.44175810
  1.24791020
 -0.97501427
 -0.84548569
  0.39897083
 -0.46984074
  0.90239849
  0.65461846
  1.75082220
 -0.15454692
 -1.44779830
  1.73840720
 -0.45455399
 -0.57788040
  0.55692245
  2.17432220
  2.11300550
 -0.82542239
 -1.07754700
 -1.24152440
  0.85906720
 -1.49256280
 -1.12764040
 -0.07926664
  0.46228786
 -1.00431150
 -0.84671173
 -0.14600017
 -0.11124476
 -0.36277158
  1.53698420
  0.02979793
  0.51050938
  0.36320908
 -0.39622326
 -1.61224800
  0.57843020
 -1.74683930
  0.33131058
  0.67850858
  0.84808073
 -0.11491254
 -0.08661512
  1.86285810
 -0.56534085
  1.98518010
 -0.65414875
  1.22280950
  0.33771958
 -0.98745846
 -2.52154270
 -0.10190355
  0.91191122
 -0.48215781
 -0.06816600
 -0.10069561
 -0.96534962
  0.80175066
  0.73067356
 -0.34638489
 -1.31397720
  0.86697555
  0.86136650
 -0.36031766
 -1.37885330
 -0.26021555
 -1.04581330
 -0.73538545
  0.93945520
  0.86607095
  0.00998830
  0.30783786
  0.19426740
 -0.77751882
  0.03932670
 -0.49143701
  0.57536588
  0.74390351
 -0.41724296
 -0.17411428
 -0.10160113
  0.00455323
 -0.12760029
  1.33750900
 -0.37367681
  1.48895480
  0.24751367
  0.20504817
  0.52308377
  1.43711260
 -0.67878212
 -0.25094342
  1.45074570
 -0.03881582
 -1.04840280
  0.23989121
  1.44938250
  0.76206919
  0.51290715
 -0.08931458
  0.68500650
  0.51893393
 -0.49788143
  0.26324578
 -1.11150000
  0.04289607
  0.50964282
  0.56270667
 -0.01327618
 -0.59307260
  0.15417817
 -0.34288944
 -0.47851825
  0.59551623
 -0.08620881
 -0.92239116
  1.52952980
 -0.00313188
 -0.21412415
 -2.45317970
 -1.09377220
  0.77974806
 -0.92227371
  0.06170627
  1.73835820
 -0.29077379
  0.31619225
 -0.55084218
  2.13462280
  0.54462470
 -0.15105722
  2.37261460
 -0.51759023
  0.40692233
 -0.38216414
  0.81872837
 -0.42077179
 -0.40312278
  0.14674849
  0.42924677
  0.70690434
 -1.01020150
  0.30203867
 -0.26444063
  0.31092938
  0.24043421
  0.35611257
 -0.89864365
 -1.49960890
 -0.37320075
 -0.22526962
  0.53203857
 -1.33170370
  0.80467706
 -0.75251224
  1.25864220
 -0.71173904
 -0.73264199
 -0.67841901
 -0.25620830
 -0.61748830
 -0.96624776
 -0.75604492
 -0.99387734
 -1.61853380
 -0.92628992
  2.50047800
  0.51397428
 -0.01027376
 -0.89163336
  0.04078949
 -2.08576350
 -1.23019950
  0.18811393
 -2.90289080
 -0.90265296
 -0.07901245
 -0.79442407
  0.44690357
 -0.52346254
 -0.32063973
 -1.52288240
 -1.11053260
  2.73396070
  1.84547110
 -0.38436927
  0.50387721
 -0.80478425
 -0.79283022
 -0.55805296
  0.93674895
 -0.16341340
 -0.51543523
  1.38186520
 -0.36988887
  0.09225216
 -0.92112997
  1.12502940
  0.55479168
  1.02539060
  0.31060645
  0.59932242
  0.04751323
  0.19755536
  0.81676660
 -0.15011100
 -0.39003908
  1.39371870
 -1.59475810
 -0.06205883
  0.89551901
  1.32576180
  0.90751152
  0.78028417
 -0.57952379
  0.12203134
  2.34413920
  0.29767207
  2.60536330
  1.89108800
  1.45503460
  2.05621590
  2.26545530
  0.92246827
  1.15333260
  0.24912738
  0.76426533
  1.45951530
  0.06192003
  0.37837716
 -0.61824236
 -0.95174987
  2.02650750
  0.28423793
 -1.00246720
  1.93400480
  2.06920060
  1.48262170
  0.45808692
  0.57435136
  1.60117400
  0.84087505
  1.31801760
  1.72939020
  1.32562010
  2.68392780
  1.37672590
 -0.36148748
  0.89244173
  0.30935628
  0.94937283
  0.10689613
  0.99468961
  1.21965520
  1.65349400
  0.77057178
  0.74154229
  1.40975880
  2.59696550
  1.05196000
  2.72332020
  0.49333946
  2.20539550
  2.76434450
  2.25705010
  1.07769630
  1.15583850
  0.66716772
  0.84448400
  2.62475290
  1.34518470
 -0.01978812
  1.50260800
  1.24772760
  1.14199750
  0.95275927
  1.81924700
  1.59354350
  0.36209300
  0.94234097
  1.19999270
  0.38948120
  0.36716507
  1.49031540
  0.10643807
  2.19334160
  3.85064060
  0.19604988
  1.38552070
  3.03077510
  0.24192069
  0.13041721
  1.28287510
  0.42187219
  1.64082530
 -0.03706921
  0.18789579
  0.89906355
  2.91582590
  2.13857970
  1.82282690
  3.25596920
  1.30725320
  0.69977334
  1.49902250
  0.63711499
  0.88806377
  1.52326980
  1.78415470
  0.69087563
  0.96253471
  2.55783840
  1.42855110
  0.50902240
  1.00917130
  1.64213620
  1.46494440
 -0.40320396
  3.76507150
  0.93159024
